$MeshFormat
2.2 0 8
$EndMeshFormat
$PhysicalNames
3
1 1 "fixed"
1 2 "loads"
2 3 "interior"
$EndPhysicalNames
$Nodes
292
1 0 0 0
2 0 10 0
3 20 10 0
4 20 0 0
5 2 5 0
6 -2 5 0
7 -0.8682408883298889 9.92403876506188 0
8 -1.710100716619576 9.698463103932735 0
9 -2.499999999991322 9.330127018927204 0
10 -3.213938048423377 8.83022221560271 0
11 -3.830222215586013 8.213938048443277 0
12 -4.330127018914431 7.500000000013445 0
13 -4.698463103923725 6.710100716644327 0
14 -4.924038765057829 5.868240888352861 0
15 -5 5.000000000019604 0
16 -4.924038765063953 4.131759111681868 0
17 -4.698463103934393 3.289899283384984 0
18 -4.330127018927757 2.500000000009637 0
19 -3.830222215600307 1.786061951573759 0
20 -3.213938048436232 1.169777784408077 0
21 -2.500000000001709 0.6698729810787931 0
22 -1.710100716627034 0.3015368960699814 0
23 -0.86824088833302 0.07596123493867157 0
24 1.111111111109858 0 0
25 2.222222222220445 0 0
26 3.333333333328711 0 0
27 4.444444444436795 0 0
28 5.555555555544869 0 0
29 6.666666666652526 0 0
30 7.777777777762658 0 0
31 8.888888888871998 0 0
32 9.999999999981862 0 0
33 11.1111111110976 0 0
34 12.22222222221092 0 0
35 13.3333333333232 0 0
36 14.44444444443608 0 0
37 15.5555555555488 0 0
38 16.66666666666234 0 0
39 17.7777777777744 0 0
40 18.88888888888676 0 0
41 20 1.666666666663852 0
42 20 3.333333333326263 0
43 20 4.999999999988913 0
44 20 6.6666666666616 0
45 20 8.333333333330071 0
46 18.88888888888852 10 0
47 17.77777777777778 10 0
48 16.66666666666604 10 0
49 15.55555555555555 10 0
50 14.44444444444405 10 0
51 13.33333333333333 10 0
52 12.22222222222221 10 0
53 11.1111111111111 10 0
54 10.00000000000302 10 0
55 8.888888888888884 10 0
56 7.777777777777686 10 0
57 6.666666666666663 10 0
58 5.555555555554953 10 0
59 4.444444444444443 10 0
60 3.333333333334245 10 0
61 2.222222222222221 10 0
62 1.111111111110102 10 0
63 1.73205080757036 5.999999999997433 0
64 1.000000000005818 6.732050807565519 0
65 8.578149642143724e-12 7 0
66 -0.9999999999952552 6.732050807571617 0
67 -1.732050807567279 6.000000000002769 0
68 -1.732050807570322 4.000000000002501 0
69 -1.000000000006085 3.267949192434636 0
70 -9.61598612556332e-12 3 0
71 0.9999999999952576 3.267949192428385 0
72 1.732050807567934 3.999999999998366 0
73 7.426316773721929 4.760017122653494 0
74 12.82244304119202 4.671146988432042 0
75 10.58579994311425 6.096881843535578 0
76 4.271637734968311 3.017577493058049 0
77 4.233831598688109 6.302567589154334 0
78 11.16113023885261 2.95601981281327 0
79 15.33101471830967 7.526354895419994 0
80 16.31566160212262 2.267262364259376 0
81 9.316411162597865 3.690838457151423 0
82 8.218635372919339 6.997981796804489 0
83 12.86880215418791 7.116979080065901 0
84 14.24320256809115 2.451120104405471 0
85 7.020069281191606 2.676289597474923 0
86 2.545186223400589 1.636666596131976 0
87 2.661283946093734 7.846074499115028 0
88 6.339536598248904 8.173459754546956 0
89 -3.030965078835603 6.392495401372134 0
90 -0.6250590455175562 1.835547854703739 0
91 -0.4496615882282534 8.216311762028777 0
92 -3.323469916019141 4.39994050791247 0
93 16.85804670880541 5.184195235147231 0
94 3.601905890343863 4.65626391100513 0
95 9.863667283757819 7.820727560923084 0
96 8.778464689461863 5.331111238014709 0
97 0.6949484026945717 1.684389681080236 0
98 0.6595355159467173 8.728342336782044 0
99 10.01706565411541 2.155830448294008 0
100 -1.869351237565064 7.438512318211585 0
101 -2.623771848936651 2.754498132595617 0
102 12.36133167940114 2.628222682441153 0
103 2.935952447545943 3.148810001448563 0
104 2.983494733301805 6.424503527788096 0
105 4.46714836003042 1.825160817036033 0
106 10.99937144290037 4.340452334107333 0
107 18.14362360742614 7.859779577724815 0
108 17.85497382793726 1.823856479624849 0
109 11.17473401458271 8.443507803351707 0
110 -3.756543125928181 5.546826204499283 0
111 5.121436263146865 4.066155154178054 0
112 8.773292822847084 1.48209713568813 0
113 6.284990495367683 5.980742574564228 0
114 14.60826320324019 4.793694491168488 0
115 4.45912366942816 8.091134175094343 0
116 16.23750895084694 8.442638532561276 0
117 7.745340615312827 8.242692347851671 0
118 14.33565786137789 6.532051105299556 0
119 8.168240221894735 3.183564027313173 0
120 9.047437926029865 4.510974847583066 0
121 8.102390731591896 5.045564180334102 0
122 7.223193027456768 3.718153360064209 0
123 8.135315476743315 4.114564103823637 0
124 -1.079881152423915 8.957387432980756 0
125 -2.54164464299422 8.134367266907148 0
126 -1.159506412896659 7.827412040120182 0
127 -1.82975320644399 8.578769529523694 0
128 4.451784056936301 9.045567087547171 0
129 5.399330133838532 8.13229696482065 0
130 6.503101632457783 9.086729877273477 0
131 5.477442844696742 9.066148482410323 0
132 3.506167291715505 1.730913706584004 0
133 2.383704222810517 0.8183332980659878 0
134 4.455796402233608 0.9125804085180164 0
135 3.419750312522108 0.8654568532920021 0
136 13.71535312221611 4.732420739800265 0
137 12.59188736029658 3.649684835436597 0
138 13.30226712374615 2.539671393423312 0
139 14.42573288566567 3.622407297786979 0
140 13.50881012298113 3.636046066611788 0
141 8.4985500311906 6.164546517409599 0
142 7.251812934143511 6.489362185684358 0
143 6.855653634544806 5.370379848608861 0
144 7.677101832867704 5.76746318300923 0
145 15.93560857883571 1.133631182129688 0
146 15.27943208510688 2.359191234332424 0
147 13.78826795070718 1.225560052202736 0
148 14.86193826477148 1.179595617166212 0
149 9.682132316288058 5.713996540775144 0
150 10.22473361343604 6.958804702229331 0
151 9.041151328338579 7.409354678863787 0
152 9.361641822313318 6.561675609819465 0
153 -2.66173495800957 4.699970253956235 0
154 -2.973620882477896 3.577219320254044 0
155 -1.811885924471368 3.011223662515127 0
156 -2.352835845024109 3.788609660128273 0
157 -1.43467561878016 7.085281562891601 0
158 -2.450158158200334 6.91550385979186 0
159 -2.515482539417802 5.696247700686067 0
160 -2.091104482883806 6.457751929897315 0
161 -0.8125295227618206 2.551748523569188 0
162 0.03494467858850769 1.759968767891988 0
163 0.8474742013449146 2.476169436754311 0
164 0.01747233928944585 2.379984383945994 0
165 9.666738408356636 2.923334452722715 0
166 10.58909794648401 2.555925130553639 0
167 11.08025084087649 3.648236073460301 0
168 10.15789130274912 4.015645395629377 0
169 10.37349462461656 3.285785263091508 0
170 12.02176808438531 7.780243441708804 0
171 10.51920064917026 8.132117682137395 0
172 11.72730104865108 6.60693046180074 0
173 11.12325084891067 7.369524071969067 0
174 3.560203807760947 7.968604337104686 0
175 2.441753084157978 8.923037249557513 0
176 3.446768570547596 8.984302168552343 0
177 -2.166936282781843 1.528017514332799 0
178 -3.476949433932204 2.627249066302627 0
179 -3.017569557926113 1.624147553373161 0
180 8.317114752100856 9.121346173925836 0
181 7.981987994116083 7.620337072328081 0
182 9.376278086323351 8.910363780461541 0
183 8.679133040219718 8.265350426394811 0
184 3.917868744515986 5.479415750079732 0
185 4.361671076745364 4.361209532591592 0
186 5.703213379257274 5.023448864371141 0
187 5.259411047027896 6.141655081859281 0
188 4.810541061886631 5.251432307225437 0
189 8.831090855859541 0.7410485678440649 0
190 10.5640883826065 1.077915224147004 0
191 9.395179238481244 1.818963791991069 0
192 9.697589619231554 0.9094818959955344 0
193 -3.680546048875017 6.94624770069279 0
194 -3.140190186893173 7.564720954117568 0
195 -4.123754340541547 4.265849809797169 0
196 -3.836041993206144 3.433559301819514 0
197 0.2751692058887821 7.474181284797147 0
198 1.830641973049776 7.289062653340274 0
199 1.660409731020225 8.287208417948536 0
200 0.1049369638592319 8.472327049405411 0
201 0.9677894684545039 7.880694851372843 0
202 18.92748691396863 2.578594906475556 0
203 17.81637580285583 0.9119282398124247 0
204 18.9081879014277 1.289297453238138 0
205 17.96070069260195 8.929889788862408 0
206 19.07181180371307 7.263223122193208 0
207 18.9803503463008 8.631611561096239 0
208 -1.167579881072295 1.06854237538686 0
209 -1.489732902771832 2.039883018950993 0
210 -0.5797532064440404 7.41370602006009 0
211 1.62006731304758 1.660528138606105 0
212 2.740569335473266 2.392738298790269 0
213 1.9679762237706 3.208379596938474 0
214 1.79402176840909 2.434453867772289 0
215 2.491747366650903 5.712251763894048 0
216 2.82238933969777 7.135289013451562 0
217 2.277220073634065 6.567644506724498 0
218 5.743608820611014 2.250725207255478 0
219 6.843367973922066 1.338144798737462 0
220 5.649582188077941 1.125362603627739 0
221 4.696536999057589 3.541866323618051 0
222 4.369393047499366 2.421369155047041 0
223 6.070752772169236 3.371222375826489 0
224 5.2200729098343 2.896295765436765 0
225 0.3474742013472858 0.8421948405401178 0
226 -0.4166481048722561 0.9179650014153296 0
227 0.3297677579733587 9.364171168391021 0
228 -0.3816519622353286 9.198182907233646 0
229 13.10106774376062 8.558489540032951 0
230 11.14292256284691 9.221753901675854 0
231 12.12199515330376 8.890121720854403 0
232 7.896681052019345 2.079193366581527 0
233 8.781709730187989 2.501263909652121 0
234 17.08531771502994 2.045559421942113 0
235 18.42902335440271 4.258764284236747 0
236 16.58685415546402 3.725728799703304 0
237 17.75717053471632 3.15216185308943 0
238 17.50083515811578 6.521987406436024 0
239 18.75041757905789 5.760993703212468 0
240 16.09453071355754 6.355275065283612 0
241 14.83333628984378 7.029203000359775 0
242 14.47196053230904 5.662872798234021 0
243 15.7331549560228 4.98894486315786 0
244 15.28324562293329 6.009073931758818 0
245 7.837229414891002 1.039596683290763 0
246 -3.393754102381892 5.969660802935708 0
247 -3.540006520973661 4.973383356205876 0
248 -3.027744530195732 5.334815528445971 0
249 11.73622139524937 1.314111341220576 0
250 12.76224467297853 1.269835696711656 0
251 1.365589212078719 0.8302640693030527 0
252 1.385760421065164 9.143604208974267 0
253 13.6022300077829 6.824515092682729 0
254 14.3321740258215 8.763177447709996 0
255 13.9672020168022 7.793846270196362 0
256 3.603795091257127 3.083193747253306 0
257 3.554981191486316 2.407053726918655 0
258 15.50629352056485 3.674068048745142 0
259 3.268929168944903 3.902536956226847 0
260 2.800952945171931 4.828131955502565 0
261 2.500489988256418 3.951268478112607 0
262 3.608663165994957 6.363535558471215 0
263 4.346477634058134 7.196850882124338 0
264 3.584433486877951 7.166069947787951 0
265 6.312263546808294 7.077101164555592 0
266 5.329370590433214 7.136976023339965 0
267 10.79258569300731 5.218667088821455 0
268 11.91090724204619 4.505799661269688 0
269 12.84562259768996 5.894063034248972 0
270 11.81910414534864 5.556365061535214 0
271 7.042438606780866 8.208076051199313 0
272 7.147125770462188 7.348719118441837 0
273 7.410108192279276 9.104038025599657 0
274 3.204808055583444 5.59583375698689 0
275 -4.340290945493005 5.707533546426072 0
276 -4.046108603152809 6.339880759790018 0
277 -4.270003260486831 4.98669167811274 0
278 9.920011809518588 4.864820968202261 0
279 10.25960032458664 9.066058841068697 0
280 3.982733084001246 3.722201639922449 0
281 11.76123095912687 2.792121247627211 0
282 11.16265967086669 1.935018235887108 0
283 13.6587915649995 5.778467916241496 0
284 15.7842618345783 7.984496713990635 0
285 15.89653225320124 9.221319266280638 0
286 15.11435313951118 8.992248356995317 0
287 11.83606910058653 3.648960454448449 0
288 6.463203203357021 4.370801112217674 0
289 17.19056627913654 8.151209055143045 0
290 16.92861647290129 9.075604527571523 0
291 16.87599219084614 1.022779710971056 0
292 16.64254849634704 7.253242060213329 0
$EndNodes
$Elements
274
1 1 2 2 3 4 41
2 1 2 2 3 41 42
3 1 2 2 3 42 43
4 1 2 2 3 43 44
5 1 2 2 3 44 45
6 1 2 2 3 45 3
7 1 2 1 6 6 68
8 1 2 1 6 68 69
9 1 2 1 6 69 70
10 1 2 1 6 70 71
11 1 2 1 6 71 72
12 1 2 1 6 72 5
13 1 2 1 6 5 63
14 1 2 1 6 63 64
15 1 2 1 6 64 65
16 1 2 1 6 65 66
17 1 2 1 6 66 67
18 1 2 1 6 67 6
19 3 2 3 1 127 9 10 125
20 3 2 3 1 126 127 125 100
21 3 2 3 1 57 58 131 130
22 3 2 3 1 58 59 128 131
23 3 2 3 1 131 128 115 129
24 3 2 3 1 130 131 129 88
25 3 2 3 1 105 132 135 134
26 3 2 3 1 132 86 133 135
27 3 2 3 1 135 133 25 26
28 3 2 3 1 134 135 26 27
29 3 2 3 1 114 136 140 139
30 3 2 3 1 136 74 137 140
31 3 2 3 1 140 137 102 138
32 3 2 3 1 139 140 138 84
33 3 2 3 1 96 141 144 121
34 3 2 3 1 141 82 142 144
35 3 2 3 1 144 142 113 143
36 3 2 3 1 121 144 143 73
37 3 2 3 1 35 36 148 147
38 3 2 3 1 36 37 145 148
39 3 2 3 1 148 145 80 146
40 3 2 3 1 147 148 146 84
41 3 2 3 1 96 149 152 141
42 3 2 3 1 149 75 150 152
43 3 2 3 1 152 150 95 151
44 3 2 3 1 141 152 151 82
45 3 2 3 1 6 153 156 68
46 3 2 3 1 153 92 154 156
47 3 2 3 1 156 154 101 155
48 3 2 3 1 68 156 155 69
49 3 2 3 1 6 67 160 159
50 3 2 3 1 67 66 157 160
51 3 2 3 1 160 157 100 158
52 3 2 3 1 159 160 158 89
53 3 2 3 1 69 161 164 70
54 3 2 3 1 161 90 162 164
55 3 2 3 1 164 162 97 163
56 3 2 3 1 70 164 163 71
57 3 2 3 1 81 165 169 168
58 3 2 3 1 165 99 166 169
59 3 2 3 1 169 166 78 167
60 3 2 3 1 168 169 167 106
61 3 2 3 1 83 170 173 172
62 3 2 3 1 170 109 171 173
63 3 2 3 1 173 171 95 150
64 3 2 3 1 172 173 150 75
65 3 2 3 1 87 174 176 175
66 3 2 3 1 174 115 128 176
67 3 2 3 1 176 128 59 60
68 3 2 3 1 175 176 60 61
69 3 2 3 1 22 177 179 21
70 3 2 3 1 177 101 178 179
71 3 2 3 1 179 178 18 19
72 3 2 3 1 21 179 19 20
73 3 2 3 1 55 180 183 182
74 3 2 3 1 180 117 181 183
75 3 2 3 1 183 181 82 151
76 3 2 3 1 182 183 151 95
77 3 2 3 1 77 184 188 187
78 3 2 3 1 184 94 185 188
79 3 2 3 1 188 185 111 186
80 3 2 3 1 187 188 186 113
81 3 2 3 1 112 189 192 191
82 3 2 3 1 189 31 32 192
83 3 2 3 1 192 32 33 190
84 3 2 3 1 191 192 190 99
85 3 2 3 1 10 11 194 125
86 3 2 3 1 11 12 193 194
87 3 2 3 1 194 193 89 158
88 3 2 3 1 125 194 158 100
89 3 2 3 1 101 154 196 178
90 3 2 3 1 154 92 195 196
91 3 2 3 1 196 195 16 17
92 3 2 3 1 178 196 17 18
93 3 2 3 1 91 197 201 200
94 3 2 3 1 197 64 198 201
95 3 2 3 1 201 198 87 199
96 3 2 3 1 200 201 199 98
97 3 2 3 1 42 202 204 41
98 3 2 3 1 202 108 203 204
99 3 2 3 1 204 203 39 40
100 3 2 3 1 41 204 40 4
101 3 2 3 1 44 45 207 206
102 3 2 3 1 45 3 46 207
103 3 2 3 1 207 46 47 205
104 3 2 3 1 206 207 205 107
105 3 2 3 1 22 208 209 177
106 3 2 3 1 208 90 161 209
107 3 2 3 1 209 161 69 155
108 3 2 3 1 177 209 155 101
109 3 2 3 1 64 197 210 65
110 3 2 3 1 197 91 126 210
111 3 2 3 1 210 126 100 157
112 3 2 3 1 65 210 157 66
113 3 2 3 1 97 211 214 163
114 3 2 3 1 211 86 212 214
115 3 2 3 1 214 212 103 213
116 3 2 3 1 163 214 213 71
117 3 2 3 1 5 215 217 63
118 3 2 3 1 215 104 216 217
119 3 2 3 1 217 216 87 198
120 3 2 3 1 63 217 198 64
121 3 2 3 1 85 218 220 219
122 3 2 3 1 218 105 134 220
123 3 2 3 1 220 134 27 28
124 3 2 3 1 219 220 28 29
125 3 2 3 1 111 221 224 223
126 3 2 3 1 221 76 222 224
127 3 2 3 1 224 222 105 218
128 3 2 3 1 223 224 218 85
129 3 2 3 1 22 23 226 208
130 3 2 3 1 23 1 225 226
131 3 2 3 1 226 225 97 162
132 3 2 3 1 208 226 162 90
133 3 2 3 1 8 124 228 7
134 3 2 3 1 124 91 200 228
135 3 2 3 1 228 200 98 227
136 3 2 3 1 7 228 227 2
137 3 2 3 1 83 229 231 170
138 3 2 3 1 229 51 52 231
139 3 2 3 1 231 52 53 230
140 3 2 3 1 170 231 230 109
141 3 2 3 1 99 165 233 191
142 3 2 3 1 165 81 119 233
143 3 2 3 1 233 119 85 232
144 3 2 3 1 191 233 232 112
145 3 2 3 1 80 234 237 236
146 3 2 3 1 234 108 202 237
147 3 2 3 1 237 202 42 235
148 3 2 3 1 236 237 235 93
149 3 2 3 1 42 43 239 235
150 3 2 3 1 43 44 206 239
151 3 2 3 1 239 206 107 238
152 3 2 3 1 235 239 238 93
153 3 2 3 1 93 240 244 243
154 3 2 3 1 240 79 241 244
155 3 2 3 1 244 241 118 242
156 3 2 3 1 243 244 242 114
157 3 2 3 1 85 219 245 232
158 3 2 3 1 219 29 30 245
159 3 2 3 1 245 30 31 189
160 3 2 3 1 232 245 189 112
161 3 2 3 1 89 246 248 159
162 3 2 3 1 246 110 247 248
163 3 2 3 1 248 247 92 153
164 3 2 3 1 159 248 153 6
165 3 2 3 1 84 138 250 147
166 3 2 3 1 138 102 249 250
167 3 2 3 1 250 249 33 34
168 3 2 3 1 147 250 34 35
169 3 2 3 1 1 24 251 225
170 3 2 3 1 24 25 133 251
171 3 2 3 1 251 133 86 211
172 3 2 3 1 225 251 211 97
173 3 2 3 1 2 227 252 62
174 3 2 3 1 227 98 199 252
175 3 2 3 1 252 199 87 175
176 3 2 3 1 62 252 175 61
177 3 2 3 1 51 229 255 254
178 3 2 3 1 229 83 253 255
179 3 2 3 1 255 253 118 241
180 3 2 3 1 254 255 241 79
181 3 2 3 1 105 222 257 132
182 3 2 3 1 222 76 256 257
183 3 2 3 1 257 256 103 212
184 3 2 3 1 132 257 212 86
185 3 2 3 1 84 146 258 139
186 3 2 3 1 146 80 236 258
187 3 2 3 1 258 236 93 243
188 3 2 3 1 139 258 243 114
189 3 2 3 1 71 213 261 72
190 3 2 3 1 213 103 259 261
191 3 2 3 1 261 259 94 260
192 3 2 3 1 72 261 260 5
193 3 2 3 1 104 262 264 216
194 3 2 3 1 262 77 263 264
195 3 2 3 1 264 263 115 174
196 3 2 3 1 216 264 174 87
197 3 2 3 1 115 263 266 129
198 3 2 3 1 263 77 187 266
199 3 2 3 1 266 187 113 265
200 3 2 3 1 129 266 265 88
201 3 2 3 1 83 172 270 269
202 3 2 3 1 172 75 267 270
203 3 2 3 1 270 267 106 268
204 3 2 3 1 269 270 268 74
205 3 2 3 1 113 142 272 265
206 3 2 3 1 142 82 181 272
207 3 2 3 1 272 181 117 271
208 3 2 3 1 265 272 271 88
209 3 2 3 1 55 56 273 180
210 3 2 3 1 56 57 130 273
211 3 2 3 1 273 130 88 271
212 3 2 3 1 180 273 271 117
213 3 2 3 1 5 260 274 215
214 3 2 3 1 260 94 184 274
215 3 2 3 1 274 184 77 262
216 3 2 3 1 215 274 262 104
217 3 2 3 1 12 13 276 193
218 3 2 3 1 13 14 275 276
219 3 2 3 1 276 275 110 246
220 3 2 3 1 193 276 246 89
221 3 2 3 1 14 15 277 275
222 3 2 3 1 15 16 195 277
223 3 2 3 1 277 195 92 247
224 3 2 3 1 275 277 247 110
225 3 2 3 1 81 168 278 120
226 3 2 3 1 168 106 267 278
227 3 2 3 1 278 267 75 149
228 3 2 3 1 120 278 149 96
229 3 2 3 1 55 182 279 54
230 3 2 3 1 182 95 171 279
231 3 2 3 1 279 171 109 230
232 3 2 3 1 54 279 230 53
233 3 2 3 1 103 256 280 259
234 3 2 3 1 256 76 221 280
235 3 2 3 1 280 221 111 185
236 3 2 3 1 259 280 185 94
237 3 2 3 1 33 249 282 190
238 3 2 3 1 249 102 281 282
239 3 2 3 1 282 281 78 166
240 3 2 3 1 190 282 166 99
241 3 2 3 1 83 269 283 253
242 3 2 3 1 269 74 136 283
243 3 2 3 1 283 136 114 242
244 3 2 3 1 253 283 242 118
245 3 2 3 1 51 254 286 50
246 3 2 3 1 254 79 284 286
247 3 2 3 1 286 284 116 285
248 3 2 3 1 50 286 285 49
249 3 2 3 1 106 167 287 268
250 3 2 3 1 167 78 281 287
251 3 2 3 1 287 281 102 137
252 3 2 3 1 268 287 137 74
253 3 2 3 1 85 122 288 223
254 3 2 3 1 122 73 143 288
255 3 2 3 1 288 143 113 186
256 3 2 3 1 223 288 186 111
257 3 2 3 1 49 285 290 48
258 3 2 3 1 285 116 289 290
259 3 2 3 1 290 289 107 205
260 3 2 3 1 48 290 205 47
261 3 2 3 1 37 38 291 145
262 3 2 3 1 38 39 203 291
263 3 2 3 1 291 203 108 234
264 3 2 3 1 145 291 234 80
265 3 2 3 1 93 238 292 240
266 3 2 3 1 238 107 289 292
267 3 2 3 1 292 289 116 284
268 3 2 3 1 240 292 284 79
269 3 2 3 1 85 119 123 122
270 3 2 3 1 119 81 120 123
271 3 2 3 1 123 120 96 121
272 3 2 3 1 122 123 121 73
273 3 2 3 1 91 124 127 126
274 3 2 3 1 124 8 9 127
$EndElements
